Id,bobcat,chihuahua,collie,dalmatian,german_shepherd,leopard,lion,persian_cat,siamese_cat,tiger,wolf
1,0.129249014603322721,0.004433258728755886,0.023938562724403423,0.116255116185098789,0.038458453085587568,0.643138087948236459,0.000381946565092711,0.011001301527941749,0.001715213028493310,0.024257666559944848,0.007171379043122479
2,0.009197025177370245,0.177814586490642773,0.018387520160319238,0.001847528153315868,0.020928558994740012,0.002469017467815255,0.250019206946419714,0.448013328807996769,0.035857865094959029,0.029923882512769874,0.005541480193651263
3,0.052517911225473848,0.005254607099828966,0.006343419175748540,0.038727844128333126,0.027461509206078025,0.814640774056945682,0.000455119416075964,0.018652204722390830,0.002624912885497905,0.030059677494648999,0.003262020588978086
4,0.412477990293158514,0.006849616615045518,0.076885760229751035,0.049427634332406746,0.061824803896166694,0.088007494047371584,0.191761675596710784,0.002265688952861827,0.012679323161902123,0.028141596654765795,0.069678416219859388
5,0.036408816202999343,0.044742124988320572,0.312755203245610680,0.002106038267293923,0.395479874666818554,0.000000429958237196,0.129201961806136273,0.030486941816471658,0.023194749950692865,0.004181818617774449,0.021442040479644476
6,0.193164278162040071,0.024134046149422807,0.170589935730283110,0.038067922498301134,0.043508872144759181,0.218556920128205212,0.152264682021768322,0.035539404216793302,0.014174975175560961,0.081826267034064828,0.028172696738801076
7,0.013496912157322545,0.016146981543449585,0.163688596175733475,0.083471643236609078,0.413391624433570137,0.092071161348605615,0.049265253523411080,0.051821094908956665,0.032963881611595837,0.064342716212391696,0.019340134848354281
8,0.132736096928261743,0.036064739593091241,0.027799224820657741,0.013029993513383879,0.097515854408131458,0.032835671167901280,0.012697740343847703,0.008299840000299626,0.002495557434673478,0.627369160910877799,0.009156120878873991
9,0.123477529824646035,0.015993885507828227,0.187245569804657702,0.001214154553545496,0.344871446910274937,0.000032525490719577,0.023055441503031120,0.011362936766543225,0.198866538728833725,0.052063045311089455,0.041816925598830518
10,0.076967261993100930,0.003974395485316078,0.006024070859397517,0.016908951853098403,0.015349865504342438,0.761767896831458735,0.007308418107195111,0.002251158536297186,0.004911425769804130,0.090734268587064751,0.013802286472924735
11,0.031467941680641646,0.051710543038331343,0.254918951768479340,0.066852040448459590,0.308912538762224298,0.013573408152487448,0.034677267951266869,0.166868965041355927,0.027808128013414340,0.009501023603096785,0.033709191540242399
12,0.178927126446621565,0.010257817031375373,0.118969565944761435,0.006809516753469958,0.131110478233680161,0.076585383293232875,0.327179363578863625,0.019054062947558285,0.019429869858242754,0.035911647437011543,0.075765168475182415
13,0.019103538579509308,0.016349910325706554,0.058590505052810993,0.007275469788443013,0.260604952192300510,0.007087866080916830,0.603295823930522945,0.002474393459315997,0.003684110980391288,0.012345690390164199,0.009187739219918402
14,0.004950436913039162,0.032864602079766270,0.200816105535687489,0.002011502743753486,0.019263573910217047,0.000824555933532042,0.007712018527586389,0.564353649403405044,0.155155237963169573,0.000263872410288276,0.011784444579555275
15,0.036217569649429085,0.004850536605742488,0.047051499301975497,0.023587493738539529,0.077230640425614366,0.020539143833398055,0.527025779049575371,0.045896278983648835,0.004467919925269131,0.196751496996808800,0.016381641489998794
16,0.008832256995842091,0.217531896021798010,0.100703516220935124,0.023066812206971894,0.093967016677157442,0.000030180933023369,0.000663717100129442,0.091584301297346793,0.460315942522264765,0.000802625019078815,0.002501735005452261
17,0.010425267111777251,0.100737178530631369,0.090485354803586548,0.078045637954646155,0.105142262125260191,0.000056352081308126,0.001339272000969127,0.044527023397583333,0.519546957746621518,0.039644977201257564,0.010049717046358767
18,0.002784356647997303,0.103305909828821305,0.037671551373373018,0.007975650880304828,0.116348932770578437,0.000592528355343921,0.001759071914657328,0.270454465831827084,0.440865994844827025,0.014261960841915802,0.003979576710353919
19,0.030450295687865041,0.008835646999975957,0.035005328696108069,0.009537406143311432,0.006948963776094830,0.000198383533104677,0.007484923140675372,0.015182361279603825,0.053463332244720323,0.827383566108071178,0.005509792390469254
20,0.193547189740256559,0.012719209336624114,0.008562473659645914,0.009192809306366215,0.005285060069089242,0.668798720811852321,0.028099346938325873,0.009791819689615306,0.003015511685270680,0.055479320389096767,0.005508538373857012
21,0.033093493579817175,0.096505003133102923,0.065342044181106104,0.007515530075330654,0.140500778549537186,0.008550258204381040,0.529695900720371982,0.032299201964587507,0.054921448120524456,0.024925891181187793,0.006650450290053223
22,0.015759701038845674,0.092793059584745347,0.251644351795556165,0.003889398242209859,0.403497305077971491,0.000555573437721036,0.028403099632599228,0.035328499463191707,0.084335812379713090,0.020168792458220654,0.063624406889225757
23,0.214366803674429007,0.026791340501954145,0.044351191934666044,0.019262738102787967,0.069093068919648989,0.000023567499162855,0.146139367752715049,0.394510057973949224,0.050342241775469754,0.012413144834144825,0.022706477031072154
24,0.163034627216950445,0.061438318392457954,0.132498878870086406,0.001800729828379946,0.093700995843182686,0.000464911794473057,0.370335205465747108,0.005428555392118707,0.039984615007021579,0.097601481163359774,0.033711681026222365
25,0.030342700210938777,0.019998091406485265,0.048182962511265026,0.012442141023617894,0.336375808114276753,0.000716626407697824,0.390924105435491442,0.053030404118867100,0.046487448116391022,0.052195817313190743,0.009303895341778137
26,0.004851671147699865,0.023772585607252431,0.046574167911845821,0.079397432799349882,0.038313171851600263,0.026631916040587088,0.005868087674110989,0.553778750827750521,0.058570070979158048,0.157710926968459703,0.004531218192185429
27,0.001875798277681370,0.135515517113419137,0.140010809642920897,0.007745825204401659,0.306569229678821831,0.011475044311135444,0.001951908525331248,0.143911156543595237,0.246743404194223859,0.001555403352374278,0.002645903156095059
28,0.109319396649771056,0.004263899811330129,0.123497127550474831,0.022876631134571019,0.036490420168404251,0.007726722379784169,0.580975352850943594,0.005113275928812775,0.023391969351082752,0.012572457930698682,0.073772746244126733
29,0.053290389536470348,0.107382178925789523,0.018919218636933501,0.001191554729978271,0.604380537595753942,0.001663189799876862,0.046142579825332812,0.041450933246770676,0.057995135954782367,0.057398332611601245,0.010185949136710450
30,0.656565156748908363,0.004105541816691938,0.004866044306992948,0.006004363238980886,0.012058837867574316,0.070126976694023319,0.013850132042162145,0.024141696963445751,0.011064241609132351,0.179335961235205010,0.017881047476882947
31,0.055414797274258153,0.017813419723846775,0.160121307874548369,0.009370637744278650,0.032604979849518427,0.000925989030671406,0.546085902102575016,0.031414768752608936,0.008514146070203045,0.045941179030837019,0.091792872546654136
32,0.236702302601244113,0.044497645462384619,0.050807679287436860,0.029409349064868154,0.035430800723754520,0.000271064308497614,0.488338252075076973,0.006431625348955186,0.017753838758576029,0.076002174521125343,0.014355267848080600
33,0.066478492966322508,0.072399293036256224,0.122388237999957947,0.022687304358413398,0.208563473848774578,0.000362382818100627,0.049312993922636314,0.162128885570056946,0.252174205570065202,0.004150539542687043,0.039354190366729207
34,0.124099099671947558,0.021601047542497614,0.067191856056679072,0.001309717948446048,0.168792315942786431,0.170446677633018628,0.244900935440670181,0.085633478765626464,0.022738281999197037,0.081943287141346716,0.011343301857784238
35,0.029580882263555961,0.019309746766133215,0.161588531425639920,0.012892040377454152,0.388987234253416747,0.034941992290872824,0.030687536511259151,0.204530542476162314,0.026533846393061215,0.059082630827407785,0.031865016415036695
36,0.001656738030779727,0.135811116576147833,0.341079911995188723,0.258688291347557220,0.100848530137729625,0.002642823960894105,0.076001285653096912,0.038160724608470684,0.027348385463601830,0.008777120132532856,0.008985072094000514
37,0.372654517475745573,0.080677580922788206,0.045505752246110476,0.014045593715709731,0.146998358236421406,0.017255907387685464,0.097529200861971435,0.144842672446328646,0.009329498529206545,0.042763268123410560,0.028397650054621946
38,0.003345954194671745,0.042326219432141238,0.117633078396284910,0.000880872750268923,0.032468703133263159,0.000068312961026735,0.662920059610023649,0.105696728452091798,0.023574093104867851,0.001959123060858616,0.009126854904501375
39,0.035762804402622320,0.012699234608188580,0.097191639885037470,0.001853822750229132,0.572466122031180080,0.005152180834209036,0.011123380279140388,0.062430032236198384,0.069338929822900019,0.113850452652611900,0.018131400497682644
40,0.008589869923678113,0.022596945530506358,0.267218183258363717,0.039826515769074269,0.282929693355110201,0.022084842511277937,0.140375616511053292,0.076300151209198447,0.095575076150685695,0.023554107850297150,0.020948997930754807
41,0.129398804570522497,0.008855420502928870,0.018229535303627861,0.035249393282322912,0.003785343386324954,0.754814332481723360,0.001122472454989906,0.022981169587514318,0.010036725661069132,0.008228732510101425,0.007298070258874793
42,0.022083801772892736,0.050561396650189196,0.126240990018586685,0.005527859907184397,0.064635087298734628,0.014774001044147451,0.000726762470657273,0.062073176812547384,0.059899160347815589,0.571698477930080440,0.021779285747164229
43,0.019896027515401950,0.006404875647584914,0.035818797577342264,0.412030839069965460,0.031208659503978393,0.000871575060896942,0.035289872206352768,0.003164348605277465,0.006046918450264525,0.443265528261080510,0.006002558101854822
44,0.031654591925306765,0.014852636270681029,0.331737235256791108,0.010605594735807815,0.491905937995883169,0.003620812612054496,0.014195584601262537,0.043560113935958357,0.007494633257109115,0.029990585362035048,0.020382274047110561
45,0.012576679249188379,0.007928621282807620,0.110329444309320707,0.108878811615092386,0.086038918433130107,0.443465243115517660,0.038293218622880904,0.015656657332322296,0.033773869419579640,0.136788866127859371,0.006269670492300976
46,0.141413070722397394,0.039238136156576092,0.064814798556648415,0.008555355286743793,0.093735211490048181,0.012833396011128723,0.479896574334308212,0.043257791436218836,0.016263538773140889,0.010490367478137863,0.089501759754651605
47,0.705972874651378812,0.012677183526528035,0.040250072324150454,0.008046452022924779,0.031146977946182763,0.038514887315087301,0.026502569289876897,0.083808919150231684,0.019998296541377199,0.008667709101846048,0.024414058130416066
48,0.007397901400851723,0.012663019224561716,0.012695148730384125,0.006844879835866026,0.005434785591948867,0.024538523123280132,0.023768731812411903,0.070834183131798942,0.018237919318886558,0.801463743975132981,0.016121163854876983
49,0.125154662596842964,0.004037167100585715,0.005150748395271719,0.013685376668153995,0.002318686645697481,0.055919839639656271,0.042063249357239464,0.015231504248745694,0.005618203973215513,0.728472299994560646,0.002348261380030557
50,0.023258018484359367,0.023354989263190344,0.389106616550332018,0.048086181083812241,0.284241640060665657,0.013234815267072613,0.025312426336388558,0.095099461552715869,0.011300636286403674,0.064708703244600277,0.022296511870459342
51,0.012442928537537319,0.061741532535599199,0.124094169114748284,0.097521991633218771,0.029729987367382731,0.002945154968711661,0.001576454848814830,0.546536995335068165,0.116540594524865482,0.000958336579160796,0.005911854554892759
52,0.011435711656448419,0.013123228384961178,0.229739848339674757,0.487891609253466363,0.194456309992403681,0.013134559036378510,0.005143331000986632,0.009945107820156129,0.002509509305800928,0.017760978969336247,0.014859806240387135
53,0.010177643015215553,0.270914250872753115,0.034863802613990989,0.001813662271555779,0.138482402714311392,0.000010811264039721,0.033783006605229877,0.176409937704432473,0.324685022544341173,0.000187547451368657,0.008671912942761236
54,0.263723714423398869,0.021029437187642556,0.028634547854647543,0.002103706072810938,0.086233432752448824,0.428610750576621569,0.007989816382231094,0.101210680327887451,0.007445556547529867,0.038674237550411203,0.014344120324370040
55,0.005038643078686952,0.047759712659294233,0.247538958607820214,0.049973642400198817,0.209358213269645016,0.013103898499180739,0.002168441791100554,0.025724502263704173,0.388631202173181645,0.001727077314868204,0.008975707942319442
56,0.060717959860927755,0.017010373445408292,0.004731746356011101,0.022991256603334665,0.006246732481299247,0.030274431226047102,0.022770625394892722,0.004824247101152966,0.006791594075963522,0.822368179263059274,0.001272854191903341
57,0.088282513458420642,0.003155064757813067,0.012169459528731106,0.113141305564941536,0.001675618893322672,0.706404231604047639,0.000354544011612935,0.005896020403334986,0.008847312171241305,0.056533052798086486,0.003540876808447625
58,0.230279933076230847,0.016849790727998769,0.093018889492785389,0.008028486516711010,0.126773829696631923,0.003262497495397474,0.292349267471810281,0.086984808966861740,0.058516419417138747,0.026739283783438254,0.057196793354995563
59,0.019631055075765857,0.014510218098392706,0.089834204597859332,0.002588070947254745,0.206313009646130141,0.001740976352256441,0.324444262399875949,0.007659366810664845,0.006144523652660164,0.303316551874832585,0.023817760544307259
60,0.055762899775844803,0.022777917685066325,0.301323125178353357,0.009954265507132928,0.155837229016636047,0.003352745332873390,0.025783776270547426,0.312304499880929842,0.091668166106934776,0.007897862463309480,0.013337512782371662
61,0.008534293154182667,0.013001224544818630,0.386316258434425408,0.029704908046959751,0.164681940286999645,0.002403729366131001,0.086158238884457963,0.037002000073460981,0.009351301567880829,0.232449861889674980,0.030396243751008117
62,0.194703535251855159,0.008606032126488476,0.082014465274783607,0.003453453970935320,0.012700010947845734,0.013624780715044939,0.500589763915767261,0.118744619875726820,0.012834043857171934,0.003694218553154922,0.049035075511225788
63,0.001194810293075709,0.142671609885921979,0.204069481060550090,0.022866407011858887,0.322887753654916787,0.001606303781965217,0.016289625246976566,0.101531117056868056,0.174750380142852574,0.000810698105251240,0.011321813759762876
64,0.042401892263910938,0.005733275136295389,0.013919119902408640,0.009486985817374016,0.014925829216690532,0.832345514932885444,0.020399810689955555,0.002231658066398519,0.001129768973223751,0.051563153255726378,0.005862991745130827
65,0.107078543893026845,0.044551939926661482,0.164446314784265774,0.005525612673987096,0.287219017214839945,0.001128225419533293,0.105308565761487574,0.066992182707161521,0.035417467229522097,0.156108657151804220,0.026223473237710144
66,0.140135098635446792,0.009799770804393431,0.237219512178963282,0.002780306698897392,0.033232887631152036,0.000268734424821352,0.509461246808561197,0.034811621194907903,0.007621475425079106,0.007318930862668018,0.017350415335109448
67,0.053443483931353869,0.025638730599917284,0.011531855735345917,0.013935624639031871,0.094548235393077287,0.000622088606597006,0.522678264268332193,0.147114203118504122,0.034510490086835245,0.062141320319521978,0.033835703301483173
68,0.148265016225051255,0.051218933192211547,0.106274486905479026,0.053799545648614236,0.234684514704674885,0.045366948393010920,0.067043901523926294,0.214303904888283242,0.040238257669475273,0.000746866929673321,0.038057623919600020
69,0.123873483493345621,0.022934160551031865,0.014255089774428629,0.017169190418306425,0.087474698209320800,0.016914040163355751,0.563064230772287400,0.032739002224697868,0.007392665468620448,0.087015932291380257,0.027167506633224928
70,0.051960105767566593,0.080519397827148675,0.348220446257490657,0.082413263859948363,0.051627905494214726,0.004779363192501244,0.002587720440146313,0.235331539352316210,0.133698552150651268,0.001177145077997701,0.007684560580018220
71,0.065654636968899366,0.010991603578548864,0.039544705453645579,0.025414861904809516,0.023424551098093143,0.003577374714811862,0.003889985337237376,0.015570297005670973,0.041160139284469363,0.766966180279752496,0.003805664374061481
72,0.027961104251705355,0.019222770572217319,0.101791221509976909,0.003118290273161035,0.391189000427659195,0.000512339418267179,0.232454677766826712,0.011845083161314673,0.016569919875845454,0.179575777533216657,0.015759815209809517
73,0.037016339218795200,0.024990827243530672,0.380386300608556160,0.138082286726792985,0.095235281965763863,0.009371664572917320,0.213847546959779700,0.036233385159316359,0.010668360074435163,0.039418986407997424,0.014749021062115137
74,0.138493632179206211,0.004528205162036824,0.011925681167626143,0.010073966922440713,0.032247927439504616,0.052131695701090698,0.023660046228623239,0.014499066673397506,0.005093362222901503,0.680801732771746493,0.026544683531426048
75,0.016009224714926627,0.103918034263939738,0.154228404099045840,0.057028324657294127,0.290513461194320977,0.001431631075448791,0.004361174886481458,0.177640963419254422,0.182020455569274486,0.003650214818434009,0.009198111301579560
76,0.272408611162000713,0.012477265016883165,0.134302841479916224,0.001954276635735667,0.088195010575437743,0.006098003394286985,0.350872539198087308,0.017877822087535258,0.007748174151792522,0.083232781694238700,0.024832674604085715
77,0.001008479935085472,0.061645659344592471,0.066328821631398582,0.157781632126084259,0.216941125455129696,0.002414996936080998,0.006402910425714954,0.299974379307194172,0.182009683965049351,0.002299503221326211,0.003192807652343853
78,0.024070525896424434,0.044216660410344825,0.070039763396790675,0.001255626572704084,0.326647489199814234,0.006662802007011002,0.102391595976257702,0.250870717282690392,0.063976647567959524,0.010082729676375270,0.099785442013627837
79,0.016314619911230479,0.008955381169118180,0.286829752371335123,0.014788936186220731,0.156230795765345487,0.009600441535565237,0.448514737115933593,0.022253356295035744,0.007591479984532777,0.000069031254060716,0.028851468411621901
80,0.010511634836577313,0.052289096168413665,0.007050124898226273,0.009732513507273877,0.015148019794721307,0.000468534907612125,0.000044196033154557,0.004032191904429257,0.021017248644945655,0.873765610867908604,0.005940828436737405
81,0.015586025453713308,0.025740510352662064,0.112004998083132579,0.141039999819319917,0.107436856851086421,0.001367024699667186,0.548941929632628223,0.028372543466231245,0.003175759460597046,0.012193301441822886,0.004141050739139090
82,0.009807963498958801,0.053574494230670115,0.149416104199457112,0.002506151143666299,0.273222678951610787,0.000037870926071263,0.391897004423522766,0.020015914189586100,0.062327881372210785,0.015290280543397334,0.021903656520848629
83,0.008273194907297327,0.026597432748261464,0.166195609508494963,0.002723723145919681,0.069113919049952163,0.001581256555741744,0.615263587360884934,0.028743446905387226,0.029731311717399241,0.000734265104561846,0.051042252996099387
84,0.575672653104780108,0.012697028405654495,0.063707806227285543,0.048674631971417803,0.114111690138139640,0.002637471289256215,0.023690136307291682,0.107909456651827371,0.026349296338743958,0.002882412706580915,0.021667416859022251
85,0.018942233014849628,0.044695263498549333,0.360800183398621299,0.028489848084721183,0.037493515303117300,0.001424346348920999,0.221136578755480845,0.102008704550690124,0.163896732869014211,0.001188316850979088,0.019924277325055976
86,0.048291694886977085,0.010076149100788646,0.002992802634999988,0.017074115217118664,0.031682532455977602,0.753515418862582886,0.045185059212498359,0.025169081728131620,0.005818158705146236,0.019492219045073381,0.040702768150705559
87,0.025935629227186386,0.005601504850547910,0.014376783428934174,0.010133190872985257,0.004847727305399876,0.027219076722719063,0.025289839867333980,0.054054449316348910,0.011546047454073236,0.814547100759835163,0.006448650194636005
88,0.242415443903728767,0.124112459933086908,0.100815949870697821,0.016245705385669936,0.322372020656053970,0.001438913937360803,0.150488531618962362,0.017205982377713785,0.020876598014705962,0.000680416776240749,0.003347977525778924
89,0.375550120360552298,0.013487676922481422,0.074381272995834899,0.012693322976261398,0.020667906853458252,0.339836608040820221,0.008914054029277012,0.004422775758534496,0.005538166752456742,0.139711433455998763,0.004796661854324522
90,0.045708300155131727,0.019795516810576376,0.157895306659154910,0.051197578860647408,0.064768615592915357,0.374175009832138195,0.008263501002080197,0.044736145302010082,0.064329550982593103,0.148593849998268607,0.020536624804484045
91,0.098156484499377195,0.009166659691449398,0.148848664365192535,0.020536842557543223,0.009538295882807850,0.435489734146500884,0.046699963274114131,0.046674685708006286,0.062104748052597206,0.084043257645420935,0.038740664176990375
92,0.094225818256449267,0.031974528192027230,0.075423782984779683,0.000624254073155922,0.005975146589674523,0.001006851279029007,0.141395297882009219,0.455017209669694833,0.114843852195313026,0.062881877087698115,0.016631381790169160
93,0.029594197305123696,0.014791751486839507,0.132926025633834127,0.011199629050923175,0.078129578141712216,0.001662073114467346,0.669316795973592171,0.002777666115156358,0.005623916935873184,0.020520500908517751,0.033457865333960460
94,0.118081830511613556,0.037183129684820806,0.135284086436840922,0.000801928531400474,0.111384325541802498,0.036824081335522424,0.189871879737071092,0.236562457919254371,0.054703119726234796,0.004878169746252680,0.074424990829186397
95,0.055047822187447124,0.015298332000640378,0.019189055730438963,0.003809059533970225,0.050445791514190576,0.004811943722817017,0.787249286060199505,0.031082619335788316,0.008437152335624844,0.006411394326020743,0.018217543252862345
96,0.228278483535403420,0.007332568659432562,0.072148192076524370,0.016131155763418531,0.019263805581092048,0.014640375544861613,0.533386708234371842,0.017921867504228001,0.003672534634094614,0.054729819999015925,0.032494488467557030
97,0.333707727932773091,0.073589713267566206,0.048857370031127126,0.011644135650075563,0.169998436742465092,0.011306335148315550,0.096659818866003097,0.194643007649678984,0.036720257823145246,0.000659180750057502,0.022214016138792526
98,0.200497789091064221,0.012662327595735779,0.103854633567141919,0.006301353598304198,0.257834555964454148,0.001274419977185164,0.227257177003206912,0.052641350592265740,0.040295550608294817,0.066327736837214393,0.031053105165132669
99,0.081619113739853963,0.043333922054449324,0.394027829624688797,0.007418779316791831,0.303041182079880123,0.000685357348502235,0.037260143550107580,0.067207367764512776,0.011546168278983190,0.010037132624154173,0.043823003618076034
100,0.011744502199902434,0.038947225191194236,0.084827821592975167,0.112351027085225166,0.029591370499284713,0.327330600442625519,0.016621510819440424,0.195505931114749315,0.041042047335457313,0.135294174007994983,0.006743789711150750
101,0.163100734778507284,0.006414652995351906,0.018140739628702003,0.010093695832687176,0.048638188173154462,0.014877917439159536,0.654162528277028366,0.024948640279390685,0.006162847839638808,0.010399803167666482,0.043060251588713266
102,0.011365542356371577,0.059895361205401017,0.065688774199940070,0.039608604461280408,0.119345894192462637,0.007927947266122254,0.000630712027787497,0.323780131667287474,0.360624644871716471,0.002963264692628096,0.008169123059002501
103,0.159108004486532673,0.001578783579147240,0.008005792617208279,0.004066621039144467,0.008524530421755968,0.707345400517347622,0.067381306960138207,0.009823687862105832,0.001647700972651315,0.006647292553834845,0.025870878990133579
104,0.147236123737141261,0.015454855937567227,0.071068105621349631,0.002342336265058162,0.036480295912855815,0.625841185027606772,0.007798407303556936,0.014681457225844113,0.006744956329198346,0.055237323424001367,0.017114953215820405
105,0.061254222350917292,0.023280535510651654,0.114494633048796202,0.014860607092964526,0.103600423724968943,0.013437923791849766,0.609610691786156456,0.010541991439080628,0.016262956697938181,0.011127936101061230,0.021528078455615135
106,0.080936971596769255,0.013061342507370455,0.339373947778269347,0.014290301978362847,0.031653931581862339,0.000703949967253148,0.357993730560326573,0.070135891158049246,0.018264386340314853,0.014932888310780511,0.058652658220641418
107,0.111551671969089425,0.014639449394649137,0.049542709291214224,0.022267109287977191,0.044163663984530033,0.090197316809701028,0.514231618958729264,0.009801331810698507,0.005149124901033297,0.121429159439166712,0.017026844153211155
108,0.031186382541669631,0.004814202645647427,0.005906008167473968,0.033827511764063303,0.002404641144930701,0.795621424516885001,0.000321353275991083,0.011652048931006503,0.004663877908322429,0.107070840088482097,0.002531709015527855
109,0.076847123078312901,0.009469665366531757,0.009991254760994854,0.024590000485650954,0.020443990409590117,0.164567829379029862,0.048989610133800578,0.028293184665376721,0.003907525471693664,0.605166881782998822,0.007732934466019760
110,0.575589823403100831,0.005458695192238187,0.064156551567520662,0.008064169467814023,0.051993500329900855,0.018612798243936746,0.135452504620372033,0.008970901033138636,0.030965411589234167,0.046556410878153390,0.054179233674590467
111,0.003654918892879146,0.035124930374238833,0.419492833147100841,0.034139154175949586,0.148133869514072425,0.003136751377202912,0.000848020951882093,0.210920901250385734,0.126957569664274544,0.002449573489097918,0.015141477162915975
112,0.000761497396372998,0.207849985700725354,0.222650204283713238,0.038223689222685396,0.316078433259194158,0.007711522030158143,0.005054045104521555,0.078806088323998047,0.111493331649058988,0.000434313952230034,0.010936889077342063
113,0.077153887265657015,0.040237606669059088,0.013689706967387581,0.000727490639972752,0.043941095161724772,0.036151435300052534,0.696785784623742299,0.035821949652277682,0.014716333153927981,0.020113181737084939,0.020661528829113356
114,0.163173275622019193,0.028385568579306693,0.195049076503966357,0.004620376475025468,0.279005348706214795,0.002041501896661360,0.230346205389412917,0.028435552035670133,0.019120623515171523,0.020908420917712264,0.028914050358839254
115,0.080582744256505939,0.061459332508212679,0.027897419673617193,0.037142686917633734,0.009678710183209028,0.048165518179055046,0.003481889520930067,0.111792890292789077,0.009536000621331888,0.604868959199021283,0.005393848647694115
116,0.064054439204098867,0.103487053149741312,0.060349928799637013,0.003742966430872986,0.011201704278150815,0.054875265062477169,0.030385301357381263,0.644313058627779323,0.013862038870945627,0.001820707608450033,0.011907536610465570
117,0.078301234713015422,0.002609577633103623,0.004625116300044668,0.028743646967599443,0.001258854090204581,0.683577615094782320,0.000237068082801481,0.003541289017396758,0.001749174682333218,0.181260697015642958,0.014095726403075557
118,0.101238920431291235,0.004157333534915418,0.050131934843732302,0.016824782728812149,0.072141248570853453,0.032181875691697760,0.642844790561227009,0.009202470455042881,0.004804371388071364,0.050038711412798774,0.016433560381557626
119,0.022459831043215389,0.004084191712508016,0.067271117669071123,0.012431352031895526,0.048938908780709209,0.026215287616846543,0.001486990509423631,0.009306614465348811,0.017485300767744762,0.777001075736694191,0.013319329666542841
120,0.297697167526235873,0.047733492768837794,0.106324503790041686,0.008264608288158837,0.126805962707335601,0.127450694440357393,0.071144267031858485,0.134648234765485791,0.010150972062169960,0.007739016533936866,0.062041080085581721
121,0.109062681230565423,0.058870105140384259,0.063595736379893644,0.009866454943959381,0.154905964937773061,0.000349907549871098,0.568772345093936593,0.006286090698011657,0.009696968758605923,0.004593712947441655,0.014000032319557288
122,0.094711669419185449,0.006883259353436277,0.014659899893425216,0.012552652179245406,0.029692299646046576,0.718013688013267593,0.001604097730259765,0.021097140552385776,0.010880031185068632,0.076472844578787572,0.013432417448891747
123,0.012338779546909956,0.064591309116045700,0.247152075757485712,0.275450387165085575,0.106951335573200967,0.004263485148784322,0.005181612093055668,0.198784740509158064,0.067430034673482547,0.008947377291702696,0.008908863125088842
124,0.005994035598880192,0.016989930345793613,0.531143187264467631,0.131542954282400482,0.122639612150060792,0.000055185326094641,0.071115254460733107,0.072262469735456442,0.029999395368393890,0.006766078437761979,0.011491897029957239
125,0.007357413166935840,0.075519671064785507,0.252846263064347709,0.003664300217637677,0.161428614509973145,0.002005791461017187,0.000170496217412264,0.171946674958996987,0.306826987046846966,0.001905516246120104,0.016328272045926573
126,0.018404043818822623,0.003915098027026349,0.013221313971733706,0.077109666011797182,0.003263266138833423,0.073863913305971987,0.002644838151581465,0.001807055606738113,0.002452479205090128,0.800808176704584485,0.002510149057820568
127,0.056003240940678094,0.010118331038451410,0.034556795744346155,0.010503369939125056,0.038469864193933917,0.087291927041765888,0.001340578068273658,0.057421376079997359,0.085802412094366509,0.590782062786668671,0.027710042072393283
128,0.011479578296042252,0.026610781375682388,0.010914625127455403,0.005816608628087278,0.016127935853254057,0.027579613988145953,0.002980547032982647,0.009639560759428522,0.011670688495223168,0.871635752957600873,0.005544307486097441
129,0.032562326299071798,0.009457388409377560,0.004513967356980508,0.005998836849534178,0.010128425055290796,0.067645541214699234,0.004241507565179222,0.016468608082729472,0.013167922785917803,0.828918321177098516,0.006897155204120912
130,0.002312527659524738,0.100851709981851265,0.274134775022689015,0.050645080600855368,0.041131027977294086,0.000052674220402487,0.000478830217005638,0.288043632257334203,0.234382367760698068,0.003580650844611583,0.004386723457733558
131,0.012593234993214979,0.156337729548270604,0.181589510731734516,0.051973020711173643,0.376192681098806547,0.000000852884616050,0.004395816098252346,0.130303510514880622,0.060666832849725572,0.011978907638660708,0.013967902930664402
132,0.006290773372370898,0.028701394557579484,0.179409958631977423,0.007822978677819236,0.064124476918909074,0.000036909244448282,0.000345656720567301,0.188436408866940741,0.515900151231791337,0.001919860056368401,0.007011431721227841
133,0.012112488772898196,0.070866765199885232,0.141279579931509636,0.054520547014902415,0.050234056859118303,0.004313683197969900,0.016136610141178065,0.103644834397725524,0.069556506613707242,0.471279186263860617,0.006055741607244859
134,0.170161239483755139,0.010111557069249582,0.031731588980446819,0.009120599996954448,0.017715636039709985,0.488036340012309888,0.209933571159085230,0.016014539239043044,0.002519930496687826,0.019831209781487065,0.024823787741270968
135,0.010286751545401891,0.040386432033356463,0.223979994448042785,0.016982446056564970,0.196657539423693045,0.221195575972908981,0.233239530463460104,0.034656636722089441,0.009688057537267838,0.007292637211653945,0.005634398585560540
136,0.115105690540954833,0.100615408941000725,0.079383764127523626,0.016287748280046331,0.180838214009932302,0.036742192255522665,0.063836557984120579,0.187759762233873279,0.158461759010209674,0.016033729463313558,0.044935173153502407
137,0.029060271343396411,0.374337318814439546,0.084777574128057157,0.035767957995852390,0.125625646850215850,0.091520969545884803,0.102291506803418683,0.076013919079361864,0.055975357770445849,0.000642220800471215,0.023987256868456236
138,0.004556118315423979,0.060564285236419269,0.161297838188860732,0.058695577173843855,0.323488108248928152,0.000520894470621494,0.246017531915415061,0.036832623151700536,0.071276822061767386,0.007429606300625225,0.029320594936394287
139,0.043556156857050062,0.008677718947394813,0.021161325693857098,0.043726476073051773,0.004279362651663181,0.627666839300548896,0.000383125621472121,0.002540116814533578,0.036504671024371486,0.205778829331518115,0.005725377684538875
140,0.036681318401437471,0.095394833160763956,0.377989472843337615,0.135187509032739794,0.097735405471587364,0.083240597956483642,0.055470998925358887,0.064403827700807728,0.034028914388373292,0.007239639065545370,0.012627483053564899
141,0.016689147809028984,0.030698747493473129,0.333591391180416197,0.007514168375066670,0.229060959789800705,0.044069007482550514,0.135927508510718081,0.012045432013110820,0.024083014690741925,0.115523846886845444,0.050796775768247503
142,0.205331947708808971,0.015343487985252684,0.019549714371065677,0.002266943266529557,0.008455005793696027,0.633813159930095682,0.020908535042144443,0.048060105629341973,0.017245232463808911,0.004526427848165855,0.024499439961090237
143,0.151679839210341144,0.064439202816049576,0.152613218599630202,0.005199729655685361,0.360513329273475236,0.001725550588147323,0.097859031427328547,0.069710468837859724,0.013822727464102423,0.031320843653294191,0.051116058474086255
144,0.017547864416433870,0.132083422513558368,0.364296910599213264,0.062367924269599868,0.119533287671073032,0.000342423350621463,0.002695481677563575,0.119322321968784395,0.164268932967193276,0.001882174674796732,0.015659255891162176
145,0.022947220074485759,0.027558537428844777,0.009958333362031793,0.118900874352766403,0.006972302412115790,0.000575377300518988,0.018166596732234235,0.024667679413550254,0.010417196230802939,0.757326085308323793,0.002509797384325266
146,0.050028574237560186,0.057516328708387944,0.019772971727160353,0.006493608459798371,0.130046174102503492,0.001854776127764292,0.072021413170228213,0.052887755280844717,0.016130369289842076,0.589598674030172742,0.003649354865737605
147,0.020191292439592664,0.041515800572393693,0.181359327361791972,0.004827227526282716,0.252617517540808634,0.287457803193657213,0.019718745113262298,0.110670728616810168,0.028014963269556055,0.018292921378998347,0.035333672986846233
148,0.076147209309435013,0.101674831660757609,0.230292698654802869,0.041402666871400845,0.076288701323961997,0.002355761143574129,0.004855402432143487,0.182744112013283666,0.265882401025197168,0.000787767344364502,0.017568448221078680
149,0.032047185963034248,0.011298176948856787,0.304006439636973491,0.061763291426184773,0.113017673655701423,0.007577470315488549,0.387558751284375169,0.016912321335663078,0.016575758674644878,0.001080977758631026,0.048161953000446567
150,0.001331448641033056,0.032243271700215299,0.170366797456809493,0.043512179380065200,0.195900988754531963,0.000374856121020914,0.012399806375720511,0.125703635160471866,0.039539584760886780,0.374339938282862883,0.004287493366382063
151,0.088179204710842091,0.048910105921086813,0.030176474722524521,0.204746095850061954,0.077215189201965920,0.002755799815197359,0.056806728695151396,0.005574663128114994,0.011200877203268294,0.470108592163980210,0.004326268587806422
152,0.108138633933244022,0.028409568491009812,0.179996779980457905,0.035383568934468167,0.328340778286736801,0.020319440920311214,0.018294975898471639,0.065763055482450108,0.032879167169065103,0.132243220547981460,0.050230810355803755
153,0.015710457280262748,0.034507753827643255,0.083379013413674541,0.011501542948782665,0.280018776867315133,0.002536953128801807,0.272367611006381405,0.039697945296621899,0.041390243969751099,0.192790094702170595,0.026099607558594879
154,0.073164175206403920,0.006097550244004625,0.038088663664059580,0.039683624427449667,0.029290845282752002,0.641848619590388192,0.006233942352876308,0.064997713930813453,0.009603639754440889,0.005112558325098762,0.085878667221712612
155,0.476249997890942967,0.043377166757270769,0.003522841127271097,0.010517880804171749,0.017404478852361162,0.200394705180342386,0.153199778585770163,0.012728395061900891,0.016971693405296171,0.040417777671000764,0.025215284663671903
156,0.308047229858855187,0.063412854313982095,0.154435553655166452,0.042692712829952642,0.301146630252764558,0.000289500343471333,0.004265104243682894,0.041265228342359857,0.049723183648883222,0.015150494044287763,0.019571508466594015
157,0.019788312661896488,0.011249140318700631,0.174824006482382888,0.024186745120277933,0.116145545609648196,0.151623468571253944,0.396565394562201745,0.048491417345360173,0.012443232840738370,0.015181599428757592,0.029501137058782028
158,0.451664607248327910,0.011864453141742361,0.033441166332002129,0.006536492015768692,0.023618736952489346,0.293142521792798039,0.009788696611295323,0.073984221319393792,0.025475024412062404,0.043986389424818681,0.026497690749301313
159,0.046985615722062189,0.054043099821218021,0.054824964767771954,0.042857037379976523,0.130466796336606905,0.031095106739345586,0.002042951082007543,0.165329678892480014,0.456246649548473493,0.000896057849003878,0.015212041861053878
160,0.002044841804525549,0.101268557531419126,0.213667368144661418,0.003415198463917994,0.022320022774629324,0.001222757010095137,0.003925724714728511,0.333519978696659947,0.307595623050769651,0.007075673435102217,0.003944254373491102
161,0.001691960217206278,0.109090537090931403,0.329257655790942627,0.005713003577809889,0.275931066367641475,0.000576695991537695,0.003519952537794697,0.046874464858342089,0.221537592625518698,0.000828887881749436,0.004978183060525680
162,0.066915333685224718,0.179539739924381714,0.064197428417077707,0.082678954051008544,0.107792619664664316,0.001062821830259181,0.091584040276345854,0.271686336281614316,0.125966509908803842,0.004457599090661631,0.004118616869958126
163,0.025919259464818517,0.088475925706181416,0.197336378398260931,0.005542562065911623,0.383528734773474544,0.001062453066960872,0.024016923623923499,0.158028055773736742,0.039962910500702657,0.065896698873866830,0.010230097752162373
164,0.037083761106524851,0.013688961913355766,0.032172999129221086,0.049893310132537845,0.033779629317123229,0.009117778475898565,0.019621252323247709,0.032635399060679804,0.010203901469776304,0.760513540668483645,0.001289466403151249
165,0.005281258033545832,0.063438398999859633,0.130233381834109929,0.067962830239074026,0.201198352179707413,0.000427558925890634,0.077881320925237404,0.364965997106518614,0.061300849999079365,0.012028229527691010,0.015281822229286146
166,0.012555035656422603,0.018607553671823571,0.395403430138912826,0.130308237456718323,0.367431417967873597,0.000785441766895293,0.018537389994738050,0.017616515526092457,0.017552668046359306,0.009680476536789400,0.011521833237374591
167,0.108980873321843988,0.012720551652383805,0.126809876186591869,0.003601257466788261,0.081608847061891129,0.000023192454325343,0.599407886400947776,0.003209228641011786,0.008338204881464110,0.011860302050275861,0.043439779882476104
168,0.003489077462377509,0.172031015727496323,0.156157610755427806,0.000604901332794632,0.093020650472649694,0.000526383995097326,0.003342005430647394,0.169681917233660051,0.385296176824127035,0.000661210785865532,0.015189049979856697
